0.04 96.119 105.757 146.247 176.116 25.0 1.7
0.08 96.099 105.698 146.264 176.084 25.0 4.1
0.12 96.016 105.578 146.171 175.905 25.0 4.0
0.16 96.225 105.816 146.325 176.119 25.0 4.9
0.20 96.295 105.856 146.460 176.059 25.0 4.9
0.24 96.373 105.960 146.583 175.939 25.0 4.6
0.28 96.738 106.347 146.960 176.118 25.0 5.0
0.32 96.978 106.652 147.316 176.118 25.0 5.6
0.36 97.137 106.738 147.415 175.943 25.0 4.1
0.40 97.314 106.923 147.577 176.102 25.0 5.5
0.44 97.363 106.919 147.532 176.041 25.0 5.1
0.48 97.135 106.830 147.296 175.927 25.0 4.9
0.52 97.116 106.838 147.301 176.109 25.0 5.4
0.56 97.158 106.938 147.320 176.018 25.0 5.6
0.60 97.019 106.770 147.175 175.846 25.0 4.8
0.64 97.141 106.805 147.250 176.063 25.0 5.2
0.68 97.267 106.841 147.364 176.089 25.0 5.4
0.72 97.246 106.840 147.390 175.941 25.0 5.0
0.76 97.472 107.031 147.535 176.098 25.0 4.7
0.80 97.761 107.244 147.864 176.087 25.0 5.3
0.84 97.696 107.191 147.805 175.918 25.0 4.4
0.88 97.866 107.296 148.013 176.075 25.0 5.6
0.92 98.029 107.512 148.193 176.117 25.0 6.3
0.96 98.095 107.474 148.224 175.948 25.0 4.9
1.00 98.409 107.791 148.582 176.104 25.0 5.2
1.04 98.589 107.967 148.732 176.070 25.0 5.5
1.08 98.663 108.025 148.758 175.894 25.0 4.6
1.12 98.634 108.072 148.759 176.044 25.0 5.0
1.16 98.170 107.914 148.432 176.108 25.0 5.8
1.20 97.759 107.572 148.023 175.934 25.0 4.9
1.24 97.665 107.477 147.830 176.123 25.0 4.6
1.28 97.492 107.321 147.618 176.085 25.0 5.5
1.32 97.356 107.123 147.495 175.940 25.0 4.6
1.36 97.372 107.063 147.441 176.080 25.0 5.5
1.40 97.225 106.875 147.300 176.140 25.0 5.1
1.44 97.054 106.610 147.113 175.993 25.0 4.7
1.48 96.977 106.567 147.059 176.129 25.0 5.7
1.52 96.904 106.443 146.977 176.105 25.0 5.6
1.56 96.761 106.377 146.831 175.935 25.0 4.9
1.60 96.849 106.412 146.884 176.116 25.0 5.6
1.64 96.655 106.400 146.788 176.159 25.0 5.3
1.68 96.539 106.289 146.624 175.999 25.0 4.1
1.72 96.666 106.420 146.763 176.150 25.0 5.4
1.76 96.735 106.549 146.771 176.153 25.0 6.0
1.80 96.792 106.563 146.830 176.039 25.0 4.5
1.84 96.992 106.895 147.138 176.141 25.0 5.3
1.88 97.172 107.143 147.291 176.074 25.0 5.7
1.92 97.146 107.105 147.203 175.913 25.0 5.2
1.96 97.109 107.046 147.151 176.029 25.0 5.0
2.00 97.107 106.991 147.216 175.983 25.0 5.3
2.04 97.012 106.813 147.113 175.838 25.0 5.0
2.08 97.074 106.831 147.152 176.010 25.0 5.4
2.12 96.937 106.685 147.111 176.085 25.0 4.4
2.16 96.822 106.569 146.977 175.891 25.0 4.7
2.20 96.872 106.661 146.994 176.031 25.0 5.5
2.24 96.915 106.668 147.051 176.077 25.0 5.5
2.28 96.859 106.673 146.990 175.939 25.0 4.8
2.32 97.063 106.832 147.179 176.083 25.0 5.3
2.36 97.131 106.980 147.280 176.068 25.0 5.6
2.40 97.137 106.968 147.266 175.906 25.0 5.0
2.44 97.305 107.220 147.448 176.044 25.0 5.2
2.48 97.426 107.393 147.552 176.012 25.0 5.8
2.52 97.357 107.356 147.554 175.866 25.0 5.1
2.56 97.435 107.442 147.555 176.069 25.0 4.7
2.60 97.158 107.269 147.429 176.114 25.0 5.0
2.64 96.943 106.940 147.136 175.941 25.0 4.7
2.68 96.954 106.877 147.111 176.138 25.0 5.2
2.72 96.862 106.756 147.037 176.185 25.0 5.8
2.76 96.728 106.598 146.872 176.042 25.0 5.2
2.80 96.875 106.707 146.952 176.190 25.0 5.7
2.84 96.878 106.791 147.033 176.146 25.0 5.5
2.88 96.912 106.786 147.039 175.979 25.0 5.7
2.92 97.166 106.948 147.310 176.068 25.0 5.8
2.96 97.201 107.046 147.387 176.090 25.0 5.5
3.00 97.051 106.861 147.245 175.895 25.0 5.0
3.04 97.158 106.905 147.281 176.086 25.0 4.6
3.08 97.017 106.917 147.052 176.127 25.0 5.6
3.12 96.872 106.713 146.923 175.968 25.0 5.8
3.16 96.895 106.831 146.952 176.113 25.0 5.5
3.20 96.877 106.784 146.906 176.185 25.0 5.8
3.24 96.789 106.649 146.813 176.013 25.0 4.8
3.28 96.818 106.617 146.841 176.160 25.0 5.3
3.32 96.808 106.528 146.925 176.132 25.0 5.9
3.36 96.841 106.509 146.926 175.983 25.0 4.9
3.40 96.954 106.597 147.084 176.178 25.0 5.7
3.44 96.978 106.574 147.170 176.063 25.0 5.8
3.48 96.875 106.523 147.050 175.849 25.0 4.8
3.52 97.014 106.670 147.234 176.053 25.0 4.6
3.56 97.107 106.776 147.383 176.124 25.0 4.6
3.60 97.193 106.897 147.445 175.957 25.0 4.1
3.64 97.452 107.135 147.702 176.134 25.0 5.5
3.68 97.645 107.291 147.903 176.077 25.0 5.7
3.72 97.752 107.459 148.025 175.939 25.0 5.3
3.76 97.936 107.669 148.120 176.076 25.0 5.6
3.80 97.929 107.674 148.205 176.083 25.0 6.6
3.84 97.581 107.333 147.889 175.930 25.0 4.8
3.88 97.442 107.053 147.671 176.041 25.0 5.7
3.92 97.166 106.708 147.302 176.027 25.0 5.4
3.96 96.812 106.262 146.937 175.856 25.0 4.6
4.00 96.744 106.105 146.908 176.015 25.0 5.5
4.04 96.622 105.931 146.784 175.984 25.0 4.3
4.08 96.341 105.702 146.443 175.883 25.0 5.0
4.12 96.387 105.700 146.479 176.028 25.0 5.0
4.16 96.320 105.625 146.373 176.024 25.0 5.6
4.20 96.203 105.568 146.253 175.869 25.0 4.6
4.24 96.313 105.673 146.281 176.073 25.0 5.3
4.28 96.240 105.653 146.299 176.109 25.0 5.6
4.32 96.195 105.607 146.193 175.930 25.0 5.0
4.36 96.321 105.828 146.263 176.106 25.0 5.5
4.40 96.369 105.953 146.429 176.037 25.0 5.3
4.44 96.331 105.940 146.392 175.875 25.0 5.0
4.48 96.470 105.992 146.441 176.053 25.0 5.6
4.52 96.372 105.769 146.360 176.071 25.0 4.5
4.56 96.208 105.571 146.126 175.916 25.0 5.1
4.60 96.263 105.558 146.245 176.092 25.0 5.0
4.64 96.264 105.471 146.352 176.091 25.0 5.6
4.68 96.303 105.452 146.366 175.954 25.0 6.0
4.72 96.493 105.552 146.537 176.116 25.0 5.6
4.76 96.354 105.510 146.497 176.120 25.0 6.2
4.80 96.225 105.413 146.388 175.975 25.0 5.3
4.84 96.295 105.492 146.481 176.047 25.0 6.3
4.88 96.309 105.555 146.503 176.033 25.0 5.4
4.92 96.188 105.467 146.328 175.864 25.0 5.1
4.96 96.409 105.678 146.500 176.027 25.0 5.6
5.00 96.566 105.833 146.600 176.031 25.0 5.4
5.04 96.460 105.803 146.538 175.867 25.0 4.7
5.08 96.593 106.019 146.723 176.024 25.0 5.9
5.12 96.551 106.012 146.784 176.013 25.0 4.4
5.16 96.470 105.882 146.664 175.909 25.0 4.4
5.20 96.613 105.837 146.791 176.046 25.0 5.0
5.24 96.492 105.630 146.723 176.073 25.0 5.6
5.28 96.329 105.474 146.551 175.905 25.0 5.2
5.32 96.309 105.429 146.551 176.042 25.0 5.6
5.36 96.198 105.276 146.529 176.035 25.0 5.2
5.40 96.049 105.149 146.307 175.837 25.0 4.6
5.44 96.201 105.199 146.360 176.038 25.0 5.5
5.48 96.074 105.163 146.271 176.057 25.0 5.6
5.52 95.998 105.088 146.173 175.893 25.0 5.2
5.56 96.070 105.218 146.244 176.075 25.0 6.1
5.60 96.000 105.198 146.146 176.056 25.0 7.0
5.64 95.884 105.100 146.029 175.918 25.0 4.2
5.68 95.931 105.114 146.032 176.029 25.0 5.2
5.72 95.945 105.228 146.093 176.083 25.0 5.1
5.76 95.939 105.208 146.096 175.937 25.0 5.3
5.80 95.986 105.363 146.128 176.022 25.0 5.5
5.84 95.980 105.329 146.176 176.011 25.0 5.9
5.88 95.766 105.121 145.957 175.802 25.0 4.6
5.92 95.982 105.138 146.109 176.017 25.0 5.6
5.96 95.989 105.019 146.098 176.051 25.0 5.5
6.00 95.924 104.917 145.999 175.882 25.0 5.2
6.04 96.012 104.993 146.179 176.061 25.0 6.2
6.08 96.063 105.028 146.257 176.099 25.0 5.1
6.12 95.911 104.946 146.102 175.915 25.0 5.4
6.16 96.029 105.058 146.208 176.067 25.0 5.7
6.20 96.004 105.111 146.231 176.119 25.0 5.0
6.24 95.989 105.082 146.189 175.982 25.0 5.2
6.28 96.112 105.244 146.310 176.092 25.0 6.7
6.32 96.154 105.374 146.416 176.012 25.0 5.4
6.36 96.109 105.318 146.356 175.835 25.0 5.8
6.40 96.319 105.496 146.516 176.042 25.0 5.1
6.44 96.304 105.625 146.589 176.016 25.0 5.5
6.48 96.197 105.581 146.464 175.871 25.0 6.3
6.52 96.315 105.745 146.560 176.040 25.0 5.4
6.56 96.323 105.666 146.623 176.052 25.0 5.5
6.60 96.244 105.587 146.616 175.949 25.0 4.5
6.64 96.290 105.608 146.624 176.069 25.0 5.1
6.68 96.271 105.408 146.580 175.992 25.0 5.7
6.72 96.126 105.318 146.491 175.859 25.0 5.0
6.76 96.181 105.381 146.575 175.978 25.0 4.7
6.80 96.227 105.404 146.630 176.023 25.0 5.5
6.84 96.148 105.324 146.554 175.798 25.0 5.0
6.88 96.308 105.446 146.674 175.986 25.0 5.8
6.92 96.373 105.503 146.771 176.000 25.0 5.5
6.96 96.260 105.432 146.647 175.854 25.0 5.2
7.00 96.458 105.659 146.850 176.016 25.0 5.6
7.04 96.600 105.879 146.945 176.021 25.0 5.3
7.08 96.611 105.923 146.963 175.882 25.0 4.8
7.12 96.859 106.155 147.106 176.032 25.0 5.9
7.16 96.912 106.247 147.168 176.025 25.0 5.3
7.20 96.735 106.139 146.961 175.852 25.0 5.9
7.24 96.644 106.063 146.919 176.032 25.0 5.3
7.28 96.516 105.860 146.867 175.972 25.0 5.4
7.32 96.344 105.584 146.691 175.766 25.0 4.2
7.36 96.451 105.624 146.767 175.950 25.0 5.8
7.40 96.321 105.538 146.706 176.020 25.0 6.0
7.44 96.199 105.384 146.550 175.845 25.0 4.5
7.48 96.249 105.459 146.520 176.041 25.0 6.3
7.52 96.121 105.354 146.449 176.052 25.0 6.0
7.56 95.917 105.184 146.238 175.882 25.0 5.0
7.60 95.874 105.231 146.219 176.040 25.0 6.5
7.64 95.807 105.229 146.201 176.062 25.0 6.0
7.68 95.790 105.174 146.103 175.909 25.0 5.4
7.72 95.965 105.451 146.164 176.125 25.0 5.9
7.76 96.103 105.589 146.353 176.137 25.0 6.3
7.80 96.007 105.542 146.205 175.963 25.0 5.4
7.84 96.110 105.709 146.249 176.169 25.0 5.0
7.88 96.137 105.708 146.324 176.111 25.0 6.1
7.92 95.963 105.535 146.163 175.971 25.0 5.3
7.96 95.993 105.558 146.230 176.149 25.0 6.1
8.00 95.948 105.405 146.186 176.125 25.0 5.8
8.04 95.785 105.269 146.040 176.014 25.0 5.7
8.08 95.796 105.202 146.066 176.178 25.0 5.8
8.12 95.725 105.062 145.989 176.239 25.0 5.8
8.16 95.596 105.011 145.868 176.060 25.0 6.1
8.20 95.688 105.074 146.026 176.186 25.0 7.0
8.24 95.674 105.091 145.929 176.031 25.0 6.1
8.28 95.558 105.015 145.752 175.830 25.0 5.7
8.32 95.687 105.167 145.856 175.986 25.0 6.3
8.36 95.747 105.272 145.982 176.134 25.0 4.9
8.40 95.725 105.239 145.925 175.953 25.0 6.0
8.44 95.801 105.424 145.950 176.113 25.0 6.4
8.48 95.738 105.357 145.908 176.037 25.0 6.3
8.52 95.540 105.214 145.680 175.903 25.0 5.7
8.56 95.598 105.321 145.677 176.071 25.0 5.9
8.60 95.472 105.189 145.625 176.068 25.0 6.3
8.64 95.177 104.888 145.283 175.924 25.0 5.5
8.68 94.938 104.704 145.079 176.083 25.0 6.1
8.72 94.828 104.540 144.952 176.050 25.0 6.1
8.76 94.651 104.314 144.739 175.871 25.0 5.4
8.80 94.749 104.459 144.796 176.062 25.0 6.1
8.84 94.774 104.560 144.862 176.085 25.0 5.1
8.88 94.726 104.527 144.801 175.908 25.0 6.3
8.92 94.941 104.725 145.036 176.071 25.0 6.2
8.96 95.039 104.953 145.168 176.109 25.0 6.2
9.00 95.203 105.045 145.361 175.991 25.0 5.3
9.04 95.409 105.222 145.508 176.147 25.0 6.2
9.08 95.465 105.399 145.581 176.153 25.0 6.2
9.12 95.490 105.371 145.637 176.027 25.0 5.5
9.16 95.674 105.629 145.837 176.163 25.0 6.1
9.20 95.741 105.844 145.923 176.060 25.0 6.2
9.24 95.785 105.893 145.921 175.861 25.0 5.5
9.28 95.998 106.060 146.107 176.060 25.0 6.2
9.32 95.916 106.002 146.121 176.070 25.0 6.0
9.36 95.846 105.851 145.975 175.871 25.0 6.3
9.40 95.969 105.912 146.061 176.050 25.0 4.7
9.44 96.093 106.013 146.283 176.026 25.0 6.2
9.48 96.165 106.131 146.438 175.896 25.0 5.6
9.52 96.483 106.391 146.722 176.077 25.0 6.3
9.56 96.565 106.534 146.927 176.062 25.0 6.1
9.60 96.689 106.621 146.980 175.897 25.0 5.7
9.64 96.934 106.880 147.253 175.995 25.0 5.7
9.68 97.069 107.019 147.433 175.986 25.0 6.0
9.72 97.055 106.988 147.419 175.785 25.0 5.5
9.76 97.338 107.269 147.658 175.987 25.0 6.0
9.80 97.459 107.490 147.833 175.989 25.0 6.1
9.84 97.491 107.513 147.828 175.855 25.0 5.7
9.88 97.711 107.683 148.052 175.982 25.0 4.7
9.92 97.678 107.826 147.987 176.033 25.0 6.1
9.96 97.584 107.738 147.901 175.899 25.0 6.3
10.00 97.690 107.807 147.920 176.055 25.0 6.9
10.04 97.668 107.699 147.920 176.004 25.0 6.1
10.08 97.537 107.561 147.815 175.887 25.0 6.2
10.12 97.547 107.550 147.843 176.068 25.0 6.2
10.16 97.529 107.521 147.821 175.989 25.0 6.6
10.20 97.422 107.426 147.706 175.819 25.0 5.7
10.24 97.575 107.560 147.921 176.013 25.0 5.8
10.28 97.639 107.699 148.049 176.044 25.0 7.0
10.32 97.612 107.679 147.988 175.896 25.0 6.0
10.36 97.891 107.892 148.166 176.048 25.0 5.7
10.40 97.857 107.985 148.177 176.042 25.0 6.4
10.44 97.713 107.857 147.999 175.899 25.0 5.5
10.48 97.773 108.004 148.034 176.044 25.0 7.0
10.52 97.826 108.068 148.142 176.037 25.0 5.3
10.56 97.725 107.949 147.993 175.911 25.0 6.3
10.60 97.661 107.946 147.897 175.931 25.0 6.5
10.64 97.513 107.753 147.785 175.897 25.0 6.6
10.68 97.298 107.521 147.547 175.706 25.0 6.1
10.72 97.375 107.539 147.591 175.909 25.0 6.2
10.76 97.379 107.390 147.533 175.929 25.0 5.8
10.80 97.255 107.280 147.444 175.814 25.0 5.7
10.84 97.282 107.321 147.489 175.955 25.0 6.1
10.88 97.246 107.310 147.437 175.960 25.0 7.6
10.92 97.117 107.211 147.332 175.816 25.0 6.1
10.96 97.243 107.326 147.363 175.968 25.0 5.8
11.00 97.239 107.353 147.425 175.955 25.0 6.0
11.04 97.165 107.235 147.328 175.814 25.0 5.9
11.08 97.266 107.380 147.426 175.983 25.0 5.9
11.12 97.234 107.501 147.448 175.863 25.0 6.0
11.16 97.112 107.408 147.284 175.696 25.0 5.1
11.20 97.345 107.568 147.452 175.896 25.0 5.9
11.24 97.330 107.629 147.463 175.938 25.0 6.3
11.28 97.148 107.445 147.279 175.753 25.0 5.8
11.32 97.137 107.460 147.317 175.938 25.0 6.6
11.36 97.175 107.257 147.294 175.888 25.0 6.3
11.40 97.080 107.121 147.201 175.792 25.0 5.4
11.44 97.127 107.127 147.222 175.947 25.0 6.1
11.48 97.038 107.109 147.165 175.954 25.0 6.4
11.52 96.972 106.950 147.072 175.806 25.0 5.9
11.56 96.977 106.989 147.089 175.870 25.0 6.7
11.60 96.991 107.029 147.100 175.864 25.0 6.8
11.64 96.910 106.999 146.979 175.706 25.0 5.5
11.68 97.157 107.194 147.174 175.847 25.0 5.8
11.72 97.228 107.326 147.308 175.865 25.0 5.1
11.76 97.181 107.254 147.196 175.757 25.0 6.7
11.80 97.232 107.457 147.259 175.944 25.0 6.3
11.84 97.359 107.541 147.380 175.923 25.0 6.2
11.88 97.285 107.442 147.352 175.797 25.0 5.9
11.92 97.317 107.509 147.399 175.959 25.0 6.2
11.96 97.125 107.316 147.233 175.901 25.0 5.7
12.00 97.051 107.120 147.146 175.777 25.0 6.4
12.04 97.114 107.174 147.264 175.896 25.0 5.6
12.08 97.040 107.091 147.243 175.831 25.0 6.1
12.12 97.021 107.022 147.217 175.648 25.0 6.2
12.16 97.161 107.078 147.294 175.844 25.0 6.5
12.20 97.074 106.991 147.246 175.936 25.0 6.1
12.24 96.907 106.827 147.061 175.788 25.0 5.7
12.28 97.007 106.972 147.244 175.976 25.0 6.3
12.32 97.056 106.991 147.243 175.900 25.0 5.1
12.36 96.846 106.859 146.990 175.762 25.0 5.6
12.40 96.898 106.924 147.042 175.949 25.0 6.5
12.44 96.858 107.061 147.037 175.957 25.0 6.5
12.48 96.982 107.143 147.135 175.757 25.0 5.5
12.52 97.153 107.394 147.389 175.890 25.0 5.8
12.56 97.402 107.555 147.593 175.929 25.0 6.2
12.60 97.418 107.452 147.595 175.711 25.0 5.2
12.64 97.581 107.595 147.769 175.921 25.0 5.7
12.68 97.483 107.509 147.808 175.976 25.0 5.8
12.72 97.489 107.440 147.818 175.797 25.0 5.7
12.76 97.663 107.525 147.966 175.950 25.0 6.0
12.80 97.908 107.689 148.300 175.941 25.0 5.0
12.84 98.007 107.746 148.317 175.841 25.0 6.3
12.88 98.061 107.760 148.336 175.990 25.0 5.6
12.92 97.922 107.715 148.270 175.991 25.0 6.4
12.96 97.665 107.490 148.010 175.860 25.0 5.5
13.00 97.779 107.598 148.008 176.030 25.0 6.3
13.04 97.758 107.540 147.979 175.955 25.0 6.2
13.08 97.535 107.379 147.684 175.769 25.0 5.6
13.12 97.582 107.425 147.681 175.954 25.0 6.3
13.16 97.386 107.293 147.564 175.989 25.0 5.4
13.20 97.138 107.043 147.307 175.778 25.0 5.4
13.24 97.115 107.036 147.234 175.979 25.0 6.0
13.28 96.927 106.848 147.027 175.975 25.0 6.2
13.32 96.661 106.600 146.792 175.800 25.0 4.3
13.36 96.602 106.464 146.744 175.974 25.0 6.5
13.40 96.511 106.284 146.670 175.941 25.0 6.1
13.44 96.400 106.155 146.565 175.795 25.0 6.0
13.48 96.449 106.193 146.591 175.971 25.0 5.8
13.52 96.498 106.280 146.737 175.944 25.0 6.2
13.56 96.476 106.256 146.644 175.791 25.0 5.7
13.60 96.607 106.371 146.755 175.985 25.0 5.6
13.64 96.596 106.375 146.769 176.016 25.0 6.2
13.68 96.493 106.270 146.647 175.836 25.0 5.5
13.72 96.609 106.396 146.740 175.998 25.0 5.9
13.76 96.580 106.445 146.715 175.994 25.0 6.2
13.80 96.503 106.365 146.606 175.866 25.0 5.4
13.84 96.518 106.408 146.551 175.996 25.0 5.2
13.88 96.514 106.455 146.571 176.076 25.0 5.5
13.92 96.346 106.289 146.356 175.879 25.0 6.0
13.96 96.323 106.303 146.350 176.044 25.0 5.9
14.00 96.249 106.063 146.289 175.949 25.0 6.2
14.04 96.057 105.879 146.139 175.733 25.0 5.9
14.08 96.260 105.946 146.321 175.924 25.0 5.7
14.12 96.211 105.903 146.351 176.014 25.0 6.1
14.16 96.184 105.890 146.289 175.862 25.0 6.1
14.20 96.288 105.964 146.402 176.041 25.0 6.1
14.24 96.355 106.022 146.448 176.018 25.0 6.3
14.28 96.289 105.956 146.375 175.889 25.0 5.0
14.32 96.423 106.066 146.405 176.011 25.0 5.2
14.36 96.274 106.062 146.410 176.012 25.0 6.0
14.40 96.251 105.977 146.304 175.838 25.0 5.4
14.44 96.303 106.144 146.434 175.995 25.0 7.1
14.48 96.329 106.126 146.406 175.967 25.0 6.5
14.52 96.179 106.012 146.247 175.792 25.0 6.0
14.56 96.281 106.162 146.330 175.986 25.0 6.2
14.60 96.293 106.049 146.363 176.064 25.0 5.8
14.64 96.246 106.011 146.324 175.880 25.0 5.4
14.68 96.266 106.077 146.405 176.057 25.0 5.8
14.72 96.217 105.888 146.418 176.062 25.0 6.6
14.76 96.053 105.756 146.333 175.940 25.0 6.5
14.80 96.200 105.822 146.443 176.094 25.0 6.2
14.84 96.340 105.897 146.503 176.054 25.0 6.4
14.88 96.232 105.804 146.462 175.857 25.0 6.2
14.92 96.352 105.931 146.533 176.012 25.0 5.1
14.96 96.264 105.924 146.491 175.973 25.0 7.2
15.00 96.071 105.797 146.311 175.774 25.0 6.2
15.04 96.193 105.890 146.405 175.966 25.0 7.0
15.08 96.244 105.964 146.451 176.038 25.0 5.8
15.12 96.172 105.896 146.331 175.889 25.0 6.1
15.16 96.305 106.056 146.451 176.045 25.0 6.2
15.20 96.214 106.057 146.473 176.005 25.0 7.0
15.24 96.100 105.834 146.324 175.868 25.0 5.8
15.28 96.160 105.838 146.350 176.027 25.0 6.8
15.32 96.052 105.679 146.285 176.008 25.0 6.2
15.36 95.906 105.501 146.100 175.909 25.0 6.4
15.40 95.929 105.569 146.242 176.003 25.0 5.8
15.44 96.032 105.582 146.403 176.017 25.0 7.5
15.48 96.022 105.621 146.405 175.849 25.0 5.1
15.52 96.231 105.816 146.594 176.030 25.0 5.7
15.56 96.256 105.871 146.664 176.064 25.0 5.7
15.60 96.184 105.741 146.519 175.903 25.0 4.2
15.64 96.318 105.881 146.524 176.051 25.0 5.7
15.68 96.312 105.923 146.572 176.045 25.0 6.2
15.72 96.236 105.883 146.519 175.893 25.0 5.4
15.76 96.361 106.097 146.661 176.073 25.0 6.7
15.80 96.400 106.220 146.772 176.039 25.0 6.5
15.84 96.619 106.411 147.009 175.877 25.0 5.2
15.88 96.697 106.554 147.156 176.051 25.0 5.7
15.92 96.258 106.162 146.855 175.951 25.0 5.9
15.96 96.185 105.918 146.705 175.755 25.0 5.6
16.00 96.188 105.874 146.684 175.927 25.0 5.5
16.04 96.155 105.770 146.564 175.986 25.0 6.3
16.08 96.110 105.641 146.475 175.843 25.0 5.6
16.12 96.109 105.494 146.347 176.044 25.0 4.8
16.16 95.914 105.428 146.154 176.016 25.0 6.0
16.20 95.558 105.016 145.840 175.841 25.0 5.5
16.24 95.483 104.948 145.704 176.001 25.0 6.0
16.28 95.305 104.849 145.516 176.024 25.0 5.5
16.32 95.083 104.700 145.284 175.897 25.0 6.1
16.36 95.016 104.820 145.283 175.989 25.0 5.8
16.40 94.948 104.786 145.143 175.995 25.0 6.2
16.44 94.856 104.680 145.026 175.795 25.0 5.5
16.48 94.917 104.768 145.038 175.969 25.0 5.9
16.52 94.875 104.685 144.983 176.024 25.0 6.2
16.56 94.610 104.460 144.746 175.842 25.0 5.4
16.60 94.632 104.396 144.740 176.045 25.0 4.8
16.64 94.657 104.326 144.721 175.995 25.0 6.3
16.68 94.433 104.161 144.644 175.871 25.0 5.8
16.72 94.570 104.253 144.791 176.044 25.0 7.2
16.76 94.633 104.340 144.886 176.040 25.0 6.0
16.80 94.605 104.263 144.789 175.862 25.0 5.3
16.84 94.810 104.366 144.905 176.004 25.0 6.3
16.88 94.830 104.455 144.945 175.945 25.0 6.6
16.92 94.780 104.461 144.894 175.768 25.0 5.2
16.96 95.048 104.687 145.093 175.943 25.0 6.6
17.00 95.127 104.862 145.210 176.013 25.0 6.0
17.04 95.120 104.895 145.240 175.835 25.0 5.7
17.08 95.289 105.042 145.410 175.984 25.0 5.8
17.12 95.339 105.163 145.501 175.948 25.0 6.1
17.16 95.313 105.147 145.435 175.835 25.0 4.3
17.20 95.475 105.325 145.565 176.002 25.0 6.0
17.24 95.418 105.261 145.554 175.936 25.0 5.7
17.28 95.319 105.119 145.419 175.765 25.0 5.7
17.32 95.266 104.984 145.428 175.938 25.0 7.0
17.36 95.204 104.948 145.403 175.906 25.0 6.5
17.40 95.099 104.835 145.293 175.747 25.0 5.5
17.44 95.332 105.009 145.518 175.914 25.0 6.1
17.48 95.290 105.153 145.557 175.964 25.0 6.2
17.52 95.288 105.105 145.500 175.766 25.0 6.4
17.56 95.436 105.254 145.598 175.913 25.0 6.2
17.60 95.506 105.319 145.748 175.935 25.0 6.2
17.64 95.545 105.340 145.741 175.825 25.0 5.1
17.68 95.718 105.591 145.968 175.984 25.0 6.3
17.72 95.900 105.838 146.120 175.917 25.0 4.8
17.76 95.926 105.838 146.120 175.781 25.0 5.7
17.80 96.092 106.055 146.299 175.936 25.0 5.9
17.84 96.132 106.143 146.325 175.903 25.0 6.0
17.88 96.055 106.054 146.181 175.749 25.0 5.6
17.92 96.121 106.143 146.180 175.926 25.0 6.1
17.96 96.061 106.018 146.249 175.988 25.0 5.8
18.00 95.999 105.904 146.150 175.801 25.0 5.8
18.04 96.052 105.989 146.262 175.942 25.0 5.9
18.08 96.168 105.944 146.318 175.937 25.0 6.2
18.12 96.061 105.907 146.264 175.835 25.0 5.8
18.16 96.137 106.007 146.301 176.000 25.0 6.1
18.20 96.093 105.915 146.227 175.990 25.0 4.4
18.24 95.949 105.815 146.062 175.846 25.0 2.9
18.28 96.015 106.008 146.138 175.841 25.0 3.1
18.32 96.041 106.099 146.205 175.854 25.0 3.1
18.36 96.052 106.121 146.183 175.672 25.0 3.0
18.40 96.196 106.262 146.283 175.847 25.0 3.2
18.44 96.119 106.194 146.202 175.874 25.0 3.3
18.48 95.894 105.994 145.902 175.712 25.0 2.9
18.52 96.219 106.356 146.213 175.907 25.0 2.9
18.56 96.263 106.441 146.317 175.925 25.0 2.9
18.60 96.404 106.420 146.415 175.754 25.0 3.3
18.64 96.245 106.212 146.268 175.876 25.0 2.9
18.68 95.887 105.738 145.930 175.941 25.0 2.8
18.72 95.573 105.343 145.516 175.780 25.0 2.8
18.76 95.241 105.002 145.188 175.941 25.0 3.6
18.80 94.977 104.742 144.861 175.887 25.0 6.1
18.84 94.874 104.717 144.799 175.686 25.0 5.6
18.88 95.248 105.028 145.129 175.861 25.0 5.9
18.92 95.199 105.147 145.164 175.918 25.0 5.8
18.96 95.351 105.196 145.328 175.764 25.0 5.7
19.00 95.646 105.536 145.626 175.971 25.0 5.7
19.04 95.957 105.856 145.868 175.951 25.0 5.8
19.08 96.013 105.897 145.978 175.764 25.0 5.4
19.12 96.172 106.136 146.101 175.927 25.0 6.2
19.16 96.289 106.324 146.258 175.894 25.0 6.3
19.20 96.325 106.344 146.232 175.725 25.0 5.1
19.24 96.321 106.313 146.219 175.822 25.0 5.0
19.28 96.296 106.277 146.196 175.813 25.0 5.8
19.32 96.044 105.919 145.928 175.654 25.0 4.9
19.36 96.038 105.879 145.908 175.808 25.0 5.6
19.40 95.991 105.723 145.907 175.911 25.0 5.6
19.44 95.911 105.672 145.853 175.795 25.0 6.1
19.48 96.086 105.810 145.948 175.977 25.0 6.3
19.52 96.101 105.876 146.062 175.890 25.0 5.8
19.56 96.196 105.996 146.155 175.759 25.0 5.6
19.60 96.451 106.286 146.347 175.882 25.0 5.8
19.64 96.615 106.519 146.478 175.913 25.0 6.1
19.68 96.723 106.603 146.519 175.745 25.0 5.6
19.72 96.732 106.708 146.455 175.915 25.0 4.7
19.76 96.584 106.602 146.350 175.819 25.0 6.5
19.80 96.387 106.456 146.083 175.609 25.0 5.3
19.84 96.447 106.567 146.121 175.785 25.0 6.5
19.88 96.079 106.256 145.587 175.953 25.0 6.1
19.92 95.515 105.765 145.019 175.800 25.0 5.3
19.96 95.033 105.277 144.492 175.935 25.0 5.6
20.00 94.503 104.798 143.992 175.899 25.0 5.6
20.04 94.316 104.611 143.734 175.790 25.0 5.6
20.08 94.418 104.694 143.690 175.898 25.0 5.6
20.12 94.503 104.757 143.855 175.868 25.0 5.9
20.16 94.576 104.691 143.864 175.696 25.0 4.7
20.20 94.729 104.692 144.070 175.897 25.0 6.0
20.24 94.780 104.767 144.217 175.885 25.0 5.9
20.28 94.718 104.671 144.281 175.729 25.0 5.4
20.32 94.719 104.654 144.307 175.882 25.0 6.2
20.36 94.923 104.728 144.409 175.838 25.0 5.7
20.40 94.733 104.610 144.236 175.711 25.0 5.6
20.44 94.781 104.612 144.285 175.905 25.0 6.0
20.48 94.716 104.685 144.186 175.914 25.0 6.6
20.52 94.625 104.621 144.037 175.749 25.0 5.2
20.56 94.722 104.750 144.105 175.898 25.0 6.0
20.60 94.741 104.731 144.219 175.812 25.0 6.4
20.64 94.531 104.458 144.020 175.659 25.0 6.1
20.68 94.665 104.497 144.112 175.804 25.0 6.8
20.72 94.802 104.592 144.359 175.786 25.0 7.2
20.76 94.666 104.402 144.246 175.588 25.0 4.6
20.80 94.620 104.405 144.144 175.801 25.0 6.1
20.84 94.837 104.653 144.337 175.856 25.0 6.4
20.88 94.618 104.445 144.099 175.695 25.0 5.4
20.92 94.682 104.474 144.101 175.871 25.0 6.4
20.96 94.496 104.416 143.936 175.838 25.0 5.6
21.00 94.305 104.313 143.747 175.676 25.0 5.1
21.04 94.370 104.388 143.683 175.851 25.0 6.2
21.08 94.398 104.460 143.728 175.848 25.0 6.7
21.12 94.320 104.447 143.587 175.703 25.0 6.4
21.16 94.577 104.707 143.830 175.828 25.0 6.2
21.20 94.655 104.750 143.887 175.818 25.0 6.9
21.24 94.580 104.735 143.888 175.643 25.0 5.8
21.28 94.622 104.716 143.855 175.812 25.0 7.0
21.32 94.536 104.545 143.800 175.844 25.0 6.9
21.36 94.443 104.475 143.719 175.693 25.0 6.1
21.40 94.582 104.570 143.909 175.865 25.0 6.4
21.44 94.627 104.505 143.948 175.899 25.0 5.2
21.48 94.591 104.440 143.965 175.731 25.0 6.0
21.52 94.656 104.559 144.052 175.883 25.0 6.4
21.56 94.713 104.557 144.104 175.809 25.0 6.0
21.60 94.818 104.600 144.238 175.642 25.0 5.8
21.64 94.948 104.800 144.420 175.844 25.0 6.1
21.68 95.003 104.910 144.529 175.802 25.0 5.9
21.72 94.982 104.884 144.469 175.579 25.0 5.9
21.76 95.172 105.043 144.644 175.789 25.0 5.4
21.80 95.211 105.235 144.772 175.826 25.0 5.4
21.84 95.182 105.162 144.737 175.640 25.0 5.3
21.88 95.245 105.327 144.774 175.795 25.0 5.5
21.92 95.103 105.200 144.714 175.732 25.0 7.3
21.96 94.914 104.972 144.542 175.625 25.0 4.8
22.00 95.081 104.983 144.665 175.798 25.0 4.4
22.04 95.145 104.999 144.760 175.809 25.0 7.1
22.08 95.088 104.969 144.707 175.660 25.0 6.8
22.12 95.428 105.316 145.148 175.776 25.0 5.4
22.16 95.545 105.540 145.224 175.722 25.0 5.5
22.20 94.975 105.197 144.635 175.572 25.0 5.4
22.24 94.263 104.657 143.817 175.765 25.0 5.5
22.28 93.650 104.094 143.070 175.850 25.0 5.6
22.32 93.530 103.918 142.839 175.690 25.0 5.8
22.36 93.818 104.122 143.163 175.879 25.0 5.7
22.40 94.137 104.428 143.543 175.845 25.0 6.2
22.44 94.517 104.832 144.012 175.719 25.0 4.9
22.48 94.669 104.994 144.090 175.853 25.0 3.6
22.52 95.156 105.514 144.724 175.877 25.0 2.3
22.56 95.233 105.480 144.746 175.709 25.0 2.9
22.60 95.386 105.515 144.909 175.842 25.0 2.6
22.64 95.244 105.271 144.962 175.849 25.0 2.6
22.68 95.319 105.333 145.026 175.681 25.0 2.5
22.72 95.746 105.652 145.491 175.845 25.0 2.7
22.76 96.070 105.876 145.827 175.875 25.0 3.0
22.80 96.127 105.916 145.893 175.731 25.0 2.8
22.84 96.430 106.140 146.202 175.899 25.0 2.8
22.88 96.510 106.275 146.238 175.884 25.0 3.1
22.92 96.565 106.330 146.311 175.739 25.0 3.3
