0
0.000838011422659473
0.00167606494973147
0.00322847276957851
0.00589811270741174
0.00913500097416604
0.0135468053734835
0.0188932483016453
0.0255494351185519
0.0333905392596161
0.0425627651711248
0.0531336938980086
0.0652555774277099
0.0788078993009512
0.0939331396178471
0.110684232234219
0.128958383614274
0.148773435637951
0.170184225866977
0.193027855318086
0.217236186741266
0.242798289387865
0.269576072087627
0.297416109922792
0.326189137689381
0.355812186765251
0.386093689393184
0.416838819889127
0.447943837920238
0.479220726963635
0.510507670933018
0.541650650991724
0.572475190754685
0.602873962679599
0.632675414235621
0.661777487230685
0.690031907768054
0.717359736278461
0.743682127035422
0.768860114684328
0.792870811316367
0.815665176831154
0.837144395972297
0.857316598723263
0.876140976749254
0.893593901391020
0.909680338622987
0.924366941262258
0.937715260024683
0.949643595929965
0.960293731151635
0.969566140021196
0.977527925161684
0.984271015935964
0.989720045954454
0.994002603838073
0.997120076736950
0.999062836614428
1
0.999838002703445
0.998706016957860
0.996630999565609
0.993624988894215
0.989792674372701
0.985144656076542
0.979722394751185
0.973587186336705
0.966806581904929
0.959392255534414
0.951389537723489
0.942888967342398
0.933895113502866
0.924440225146234
0.914620407285895
0.904437107338084
0.893940891649210
0.883175244256053
0.872182766105864
0.860996320223169
0.849646777337154
0.838183961254104
0.826628381951622
0.815015096929851
0.803376873552393
0.791744354772390
0.780143994931451
0.768591868133006
0.757125584072159
0.745765552728533
0.734525826609154
0.723428226853368
0.712495080205090
0.701745280804891
0.691179577070705
0.680820397385563
0.670688087461120
0.660773302173281
0.651098202347378
0.641661699790754
0.632476013516819
0.623523542792961
0.614846942728658
0.606400141262963
0.598210778125487
0.590262980294099
0.582550555484866
0.575077075831160
0.567826858162901
0.560794602136020
0.553968953309090
0.547338316531637
0.540898876138445
0.534628153839687
0.528523718829912
0.522572408631742
0.516758011922411
0.511071441964681
0.505503040027821
0.500040865757087
0.494674907124585
0.489393887631829
0.484195801740871
0.479063915352540
0.473995067471874
0.468989145771288
0.464032301256594
0.459123971503092
0.454264640713342
0.449452114129331
0.444681673375628
0.439957284527495
0.435286096643371
0.430661847676383
0.426094411557241
0.421590249362534
0.417150730297675
0.412777842581678
0.408488550563477
0.404286315435759
0.400178377386283
0.396172277334211
0.392280367546653
0.388505835593076
0.384860537706350
0.381351081712544
0.377988172304233
0.374773900908817
0.371723021034683
0.368839890798463
0.366124964820122
0.363592947613241
0.361245771542473
0.359087315715261
0.357123692761475
0.355349369579304
0.353781018938083
0.352408617324580
0.351233687055898
0.350261619056778
0.349484314345746
0.348902665946501
0.348521529199446
0.348318888554125
0.348310298456369
0.348480669701077
0.348814331360816
0.349324490791505
0.349990877239101
0.350808148076374
0.351775294522001
0.352867214450416
0.354091344685080
0.355437562701859
0.356883580155943
0.358428866236559
0.360064335759288
0.361771345903299
0.363549149741964
0.365380213179280
0.367252035902436
0.369162931681216
0.371094397814143
0.373037867181847
0.374985216890687
0.376922404074368
0.378843625115469
0.380740137091610
0.382596826306505
0.384412830582781
0.386174788349512
0.387874888348186
0.389508679365200
0.391066065437146
0.392543617326269
0.393929203735311
0.395228569821884
0.396422664880069
0.397505781580294
0.398485091079332
0.399363293422930
0.400125801186427
0.400745069421980
0.401241539405686
0.401629362119661
0.401887919471110
0.402011447573514
0.401998068956091
0.401860160141502
0.401590346615676
0.401184116962430
0.400648732434576
0.399978964622896
0.399181141952885
0.398255219642432
0.397192147008107
0.396014513976893
0.394708436553860
0.393273474925123
0.391725472019038
0.390061179622075
0.388277056346714
0.386384578081746
0.384383291656447
0.382277286076999
0.380072935784527
0.377762983344240
0.375367764317171
0.372879404164578
0.370301155048035
0.367651313403162
0.364915971952051
0.362108992872090
0.359238791772305
0.356298536106691
0.353302400431272
0.350252848086453
0.347147151457114
0.344000201126767
0.340809058639784
0.337575529416362
0.334316620563417
0.331018822853238
0.327695800229744
0.324353861857168
0.320988429203647
0.317607065554503
0.314214334897282
0.310810834501032
0.307400107174773
0.303983245731159
0.300568098763934
0.297149812309973
0.293733002586797
0.290324246094017
0.286919834498854
0.283520534149827
0.280135593674540
0.276760586758179
0.273396260139743
0.270051302833714
0.266720725151700
0.263406635387730
0.260116223017491
0.256844174851345
0.253595380679709
0.250371216811957
0.247172545961146
0.244005258358009
0.240861657830175
0.237746246262591
0.234661360419055
0.231605419437605
0.228581259690736
0.225585299404835
0.222624561693697
0.219693627590203
0.216793438184172
0.213926139678617
0.211090448907110
0.208287583674590
0.205519852159795
0.202784496428750
0.200082507239242
0.197420755284391
0.194790889253151
0.192197526290373
0.189643034943820
0.187125332673423
0.184645563325299
0.182203505009352
0.179799752181510
0.177436275426361
0.175108832485500
0.172820517828210
0.170571347063681
0.168358429884801
0.166183378171595
0.164047952210126
0.161948608143072
0.159887227974175
0.157859791429467
0.155874376634934
0.153924942231312
0.152010686040487
0.150132997433047
0.148294552422524
0.146492456994838
0.144727759022255
0.142997257876969
0.141304150861241
0.139648691436401
0.138024697589507
0.136433359351809
0.134878634908280
0.133352747346948
0.131856390744409
0.130388808202969
0.128949284100862
0.127535959199894
0.126145672077032
0.124777604769567
0.123435679828691
0.122110365254113
0.120804480351883
0.119516691014705
0.118244104796590
0.116987383809681
0.115746337023248
0.114517080965321
0.113301059457290
0.112097017622029
0.110904427803549
0.109722064136271
0.108549596846096
0.107384738336658
0.106229950828227
0.105082039890419
0.103936274433503
0.102800859374694
0.101665641088870
0.100532972802182
0.0994028687290471
0.0982703866965391
0.0971365487910836
0.0959990211754376
0.0948574510332222
0.0937055090601591
0.0925474755929911
0.0913796683684072
0.0901980799273854
0.0890027217545819
0.0877936278107031
0.0865679794991149
0.0853246914308645
0.0840611562554345
0.0827781898354156
0.0814769102300273
0.0801505897294245
0.0788009938353957
0.0774313461409404
0.0760332101685280
0.0746105218344187
0.0731632330427715
0.0716833130104513
0.0701764432267221
0.0686373029088300
0.0670643179483293
0.0654569521443171
0.0638113735013393
0.0621275070439641
0.0604016756081825
0.0586305462769212
0.0568152426495711
0.0549525463706335
0.0530358221395608
0.0510728184783752
0.0490570956964237
0.0469835151346109
0.0448615385557980
0.0426864262431170
0.0404580792136818
0.0381803407120823
0.0358549632260707
0.0334901649684410
0.0310852704454245
0.0286488647413440
0.0261887785416854
0.0237170365652645
0.0212408821360885
0.0187744673043557
0.0163418736847958
0.0139604056185651
0.0116428319866479
0.00943059279902975
0.00736301118729814
0.00546159946826486
0.00380264335550076
0.00230110425624675
0.00131978042099548
0.000659887145561629
0