0.04 93.492 103.740 142.806 25.0 2.0
0.08 93.527 103.749 142.880 25.0 5.2
0.12 93.457 103.614 142.785 25.0 5.2
0.16 93.593 103.743 142.885 25.0 5.8
0.20 93.657 103.844 143.015 25.0 5.6
0.24 93.591 103.786 142.972 25.0 5.4
0.28 93.765 103.890 143.104 25.0 5.2
0.32 93.815 103.970 143.124 25.0 5.1
0.36 93.732 103.936 143.034 25.0 5.2
0.40 93.897 104.053 143.190 25.0 5.7
0.44 93.960 104.193 143.304 25.0 5.6
0.48 93.878 104.107 143.165 25.0 5.2
0.52 94.026 104.287 143.311 25.0 3.6
0.56 93.974 104.229 143.325 25.0 5.1
0.60 93.767 103.982 143.108 25.0 4.7
0.64 93.951 104.067 143.241 25.0 5.8
0.68 93.869 103.964 143.244 25.0 5.2
0.72 93.803 103.921 143.175 25.0 4.5
0.76 93.865 103.986 143.214 25.0 4.8
0.80 93.853 103.926 143.265 25.0 5.4
0.84 93.747 103.806 143.171 25.0 4.8
0.88 93.774 103.841 143.192 25.0 5.7
0.92 93.776 103.858 143.190 25.0 5.8
0.96 93.691 103.793 143.060 25.0 5.7
1.00 93.774 103.970 143.125 25.0 6.2
1.04 93.778 104.012 143.168 25.0 6.1
1.08 93.704 103.897 143.032 25.0 5.5
1.12 93.852 104.089 143.172 25.0 6.9
1.16 93.914 104.158 143.231 25.0 5.8
1.20 93.750 104.008 143.063 25.0 4.8
1.24 93.751 104.045 143.120 25.0 6.1
1.28 93.694 103.894 143.076 25.0 5.7
1.32 93.611 103.789 142.982 25.0 6.0
1.36 93.716 103.801 143.037 25.0 5.7
1.40 93.769 103.828 143.073 25.0 6.5
1.44 93.701 103.765 143.033 25.0 5.8
1.48 93.721 103.799 142.989 25.0 5.7
1.52 93.685 103.784 143.044 25.0 6.2
1.56 93.558 103.630 142.879 25.0 5.9
1.60 93.786 103.792 143.072 25.0 6.0
1.64 93.772 103.863 143.018 25.0 5.6
1.68 93.752 103.828 143.007 25.0 6.0
1.72 93.896 103.966 143.163 25.0 6.5
1.76 93.838 104.064 143.147 25.0 6.7
1.80 93.785 104.000 143.016 25.0 5.7
1.84 93.785 104.027 143.031 25.0 6.2
1.88 93.743 103.893 142.979 25.0 6.1
1.92 93.715 103.789 142.939 25.0 5.7
1.96 93.770 103.726 143.031 25.0 6.2
2.00 93.731 103.723 143.071 25.0 6.1
2.04 93.578 103.640 142.935 25.0 5.8
2.08 93.751 103.798 143.127 25.0 6.0
2.12 93.696 103.775 143.053 25.0 6.0
2.16 93.641 103.718 142.962 25.0 5.0
2.20 93.764 103.838 143.107 25.0 6.6
2.24 93.819 103.892 143.116 25.0 6.2
2.28 93.724 103.813 142.996 25.0 5.9
2.32 93.858 103.983 143.145 25.0 6.2
2.36 93.945 104.045 143.242 25.0 6.4
2.40 93.897 104.011 143.145 25.0 5.8
2.44 93.989 104.105 143.234 25.0 6.9
2.48 93.849 104.012 143.103 25.0 6.3
2.52 93.648 103.810 142.966 25.0 5.5
2.56 93.751 103.889 143.060 25.0 6.2
2.60 93.818 103.784 143.101 25.0 7.0
2.64 93.740 103.726 142.965 25.0 4.7
2.68 93.837 103.790 143.069 25.0 5.9
2.72 93.840 103.850 143.114 25.0 6.3
2.76 93.760 103.751 143.040 25.0 6.1
2.80 93.842 103.836 143.125 25.0 6.9
2.84 93.835 103.852 143.105 25.0 6.3
2.88 93.772 103.765 143.009 25.0 5.9
2.92 93.859 103.906 143.159 25.0 6.1
2.96 93.954 103.985 143.092 25.0 7.5
3.00 93.805 103.918 143.031 25.0 5.8
3.04 93.942 104.076 143.118 25.0 5.9
3.08 93.804 104.014 143.010 25.0 7.0
3.12 93.720 103.849 142.886 25.0 6.4
3.16 93.723 103.887 142.941 25.0 6.3
3.20 93.740 103.940 143.096 25.0 5.3
3.24 93.690 103.846 142.916 25.0 5.9
3.28 93.839 103.952 143.062 25.0 6.2
3.32 93.845 103.992 143.085 25.0 7.1
3.36 93.710 103.828 142.912 25.0 5.7
3.40 93.719 103.906 142.957 25.0 7.1
3.44 93.686 103.848 142.875 25.0 6.3
3.48 93.474 103.678 142.642 25.0 5.6
3.52 93.592 103.812 142.749 25.0 6.0
3.56 93.592 103.939 142.786 25.0 6.1
3.60 93.498 103.834 142.677 25.0 6.5
3.64 93.683 103.983 142.849 25.0 6.4
3.68 93.682 104.082 142.871 25.0 6.3
3.72 93.634 103.973 142.786 25.0 6.1
3.76 93.704 104.016 142.893 25.0 6.4
3.80 93.649 103.882 142.839 25.0 5.4
3.84 93.571 103.778 142.763 25.0 6.4
3.88 93.607 103.831 142.861 25.0 7.4
3.92 93.682 103.940 143.018 25.0 6.4
3.96 93.604 103.871 142.933 25.0 6.4
4.00 93.844 104.034 143.137 25.0 6.8
4.04 93.859 104.124 143.216 25.0 7.1
4.08 93.802 104.063 143.125 25.0 6.2
4.12 93.962 104.166 143.215 25.0 6.6
4.16 93.941 104.205 143.268 25.0 6.9
4.20 93.796 104.113 143.085 25.0 5.8
4.24 93.910 104.201 143.174 25.0 7.0
4.28 93.913 104.297 143.143 25.0 7.6
4.32 93.819 104.210 143.038 25.0 6.7
4.36 93.973 104.266 143.088 25.0 6.8
4.40 93.737 104.043 142.974 25.0 6.5
4.44 93.660 103.881 142.845 25.0 5.8
4.48 93.778 103.956 142.994 25.0 6.5
4.52 93.817 103.959 143.056 25.0 7.0
4.56 93.774 103.901 142.983 25.0 4.6
4.60 93.865 104.000 143.056 25.0 6.4
4.64 93.868 104.019 143.083 25.0 6.5
4.68 93.807 103.930 143.020 25.0 5.4
4.72 93.881 104.043 143.131 25.0 6.9
4.76 93.919 104.075 143.109 25.0 6.2
4.80 93.849 103.982 143.011 25.0 6.1
4.84 93.863 104.131 143.045 25.0 6.8
4.88 93.816 104.092 143.048 25.0 7.0
4.92 93.648 103.953 142.823 25.0 5.4
4.96 93.726 103.981 142.796 25.0 6.4
5.00 93.636 103.837 142.768 25.0 6.4
5.04 93.579 103.753 142.724 25.0 6.4
5.08 93.759 103.815 142.821 25.0 6.2
5.12 93.726 103.790 142.926 25.0 6.7
5.16 93.663 103.778 142.939 25.0 4.4
5.20 93.774 103.867 143.094 25.0 6.1
5.24 93.789 103.833 143.088 25.0 6.5
5.28 93.729 103.755 143.027 25.0 6.5
5.32 93.838 103.894 143.131 25.0 6.9
5.36 93.751 103.916 143.112 25.0 7.5
5.40 93.575 103.758 142.926 25.0 5.3
5.44 93.742 103.886 143.084 25.0 6.3
5.48 93.730 103.929 143.122 25.0 6.2
5.52 93.607 103.747 142.895 25.0 5.7
5.56 93.646 103.691 142.771 25.0 6.4
5.60 93.488 103.480 142.683 25.0 6.0
5.64 93.397 103.365 142.620 25.0 5.5
5.68 93.439 103.362 142.666 25.0 6.4
5.72 93.476 103.379 142.700 25.0 5.3
5.76 93.376 103.320 142.628 25.0 5.7
5.80 93.459 103.398 142.817 25.0 6.9
5.84 93.426 103.403 142.745 25.0 6.1
5.88 93.316 103.255 142.609 25.0 6.2
5.92 93.408 103.367 142.650 25.0 6.6
5.96 93.386 103.401 142.640 25.0 7.1
6.00 93.367 103.351 142.639 25.0 6.5
6.04 93.414 103.434 142.693 25.0 7.0
6.08 93.411 103.531 142.664 25.0 7.1
6.12 93.364 103.420 142.558 25.0 6.0
6.16 93.404 103.476 142.629 25.0 6.4
6.20 93.341 103.289 142.547 25.0 6.0
6.24 93.207 103.126 142.445 25.0 5.7
6.28 93.235 103.141 142.439 25.0 6.0
6.32 93.176 103.068 142.403 25.0 5.5
6.36 93.051 102.896 142.287 25.0 6.3
6.40 93.240 103.116 142.508 25.0 6.0
6.44 93.271 103.137 142.591 25.0 6.2
6.48 93.186 103.059 142.476 25.0 5.8
6.52 93.321 103.166 142.595 25.0 5.9
6.56 93.288 103.188 142.660 25.0 6.4
6.60 93.209 103.121 142.560 25.0 6.1
6.64 93.279 103.301 142.660 25.0 6.6
6.68 93.343 103.329 142.701 25.0 6.1
6.72 93.271 103.279 142.597 25.0 5.8
6.76 93.249 103.256 142.506 25.0 6.1
6.80 93.207 103.179 142.507 25.0 6.3
6.84 93.052 102.965 142.381 25.0 5.4
6.88 93.190 103.040 142.526 25.0 5.5
6.92 93.245 102.993 142.633 25.0 7.3
6.96 93.148 102.962 142.515 25.0 6.0
7.00 93.288 103.050 142.661 25.0 6.4
7.04 93.332 103.075 142.740 25.0 7.4
7.08 93.150 102.960 142.565 25.0 5.7
7.12 93.263 103.042 142.603 25.0 6.9
7.16 93.234 103.023 142.567 25.0 6.0
7.20 93.147 102.978 142.537 25.0 6.2
7.24 93.314 103.120 142.625 25.0 7.3
7.28 93.276 103.193 142.616 25.0 6.1
7.32 93.177 103.139 142.461 25.0 5.8
7.36 93.325 103.293 142.621 25.0 6.4
7.40 93.334 103.284 142.637 25.0 7.0
7.44 93.164 103.082 142.504 25.0 6.9
7.48 93.225 103.125 142.544 25.0 6.0
7.52 93.261 103.003 142.595 25.0 6.0
7.56 93.169 102.972 142.527 25.0 4.7
7.60 93.317 103.099 142.604 25.0 6.8
7.64 93.300 103.171 142.665 25.0 6.9
7.68 93.244 103.069 142.594 25.0 6.1
7.72 93.227 103.129 142.655 25.0 6.7
7.76 93.318 103.167 142.714 25.0 6.2
7.80 93.176 103.028 142.577 25.0 6.0
7.84 93.324 103.176 142.683 25.0 5.9
7.88 93.252 103.259 142.758 25.0 6.4
7.92 93.207 103.195 142.635 25.0 6.6
7.96 93.293 103.318 142.692 25.0 7.0
8.00 93.343 103.355 142.744 25.0 6.3
8.04 93.204 103.207 142.536 25.0 5.3
8.08 93.293 103.232 142.619 25.0 6.5
8.12 93.247 103.166 142.663 25.0 7.6
8.16 93.122 103.085 142.551 25.0 5.9
8.20 93.232 103.175 142.643 25.0 6.7
8.24 93.171 103.149 142.668 25.0 5.2
8.28 93.119 103.035 142.598 25.0 7.1
8.32 93.243 103.129 142.697 25.0 7.4
8.36 93.217 103.192 142.642 25.0 5.7
8.40 93.089 103.112 142.533 25.0 5.7
8.44 93.172 103.222 142.612 25.0 6.5
8.48 93.225 103.296 142.664 25.0 6.3
8.52 93.101 103.184 142.515 25.0 5.6
8.56 93.112 103.282 142.557 25.0 7.4
8.60 93.171 103.331 142.585 25.0 6.3
8.64 93.055 103.183 142.429 25.0 6.0
8.68 93.030 103.139 142.459 25.0 6.5
8.72 93.039 103.067 142.409 25.0 6.2
8.76 92.906 102.916 142.318 25.0 5.9
8.80 93.064 103.076 142.483 25.0 6.0
8.84 93.129 103.113 142.556 25.0 5.1
8.88 93.110 103.080 142.505 25.0 5.6
8.92 93.258 103.226 142.652 25.0 6.7
8.96 93.198 103.206 142.669 25.0 6.3
9.00 93.185 103.145 142.575 25.0 5.9
9.04 93.270 103.252 142.688 25.0 5.8
9.08 93.340 103.380 142.778 25.0 6.5
9.12 93.214 103.292 142.562 25.0 5.2
9.16 93.358 103.434 142.710 25.0 6.0
9.20 93.318 103.455 142.723 25.0 6.5
9.24 93.201 103.359 142.536 25.0 6.3
9.28 93.252 103.394 142.598 25.0 6.0
9.32 93.195 103.236 142.625 25.0 6.0
9.36 93.108 103.110 142.423 25.0 5.2
9.40 93.206 103.168 142.560 25.0 6.2
9.44 93.205 103.132 142.551 25.0 7.1
9.48 93.143 103.077 142.478 25.0 5.7
9.52 93.240 103.218 142.636 25.0 6.3
9.56 93.287 103.205 142.658 25.0 5.6
9.60 93.187 103.129 142.556 25.0 6.0
9.64 93.315 103.276 142.641 25.0 5.4
9.68 93.338 103.330 142.699 25.0 6.4
9.72 93.303 103.242 142.604 25.0 5.7
9.76 93.449 103.451 142.735 25.0 5.9
9.80 93.429 103.538 142.840 25.0 6.2
9.84 93.339 103.438 142.718 25.0 5.9
9.88 93.404 103.546 142.731 25.0 6.9
9.92 93.334 103.404 142.699 25.0 5.0
9.96 93.234 103.252 142.536 25.0 6.3
10.00 93.328 103.190 142.593 25.0 6.0
10.04 93.293 103.194 142.614 25.0 6.4
10.08 93.188 103.132 142.517 25.0 5.7
10.12 93.291 103.172 142.601 25.0 6.6
10.16 93.182 103.170 142.506 25.0 6.2
10.20 93.073 103.062 142.369 25.0 5.6
10.24 93.112 103.133 142.323 25.0 6.6
10.28 93.067 103.001 142.219 25.0 5.9
10.32 92.903 102.909 142.091 25.0 5.7
10.36 92.999 102.990 142.124 25.0 6.2
10.40 93.013 103.106 142.144 25.0 6.2
10.44 92.940 103.058 142.038 25.0 4.6
10.48 93.059 103.235 142.200 25.0 7.0
10.52 93.156 103.297 142.212 25.0 6.2
10.56 92.936 103.084 141.975 25.0 5.9
10.60 92.973 103.052 142.016 25.0 6.0
10.64 92.909 103.003 142.013 25.0 7.4
10.68 92.812 102.829 141.877 25.0 5.5
10.72 93.000 103.032 142.085 25.0 5.8
10.76 92.970 102.987 142.172 25.0 6.5
10.80 92.871 102.995 142.073 25.0 5.9
10.84 93.088 103.137 142.271 25.0 5.9
10.88 93.224 103.267 142.348 25.0 6.3
10.92 93.132 103.198 142.278 25.0 5.7
10.96 93.310 103.377 142.470 25.0 5.8
11.00 93.456 103.516 142.572 25.0 5.3
11.04 93.400 103.478 142.513 25.0 6.2
11.08 93.516 103.665 142.698 25.0 6.0
11.12 93.594 103.841 142.720 25.0 5.9
11.16 93.470 103.743 142.579 25.0 6.4
11.20 93.584 103.820 142.635 25.0 6.6
11.24 93.552 103.657 142.683 25.0 6.1
11.28 93.439 103.627 142.604 25.0 6.2
11.32 93.560 103.730 142.762 25.0 6.3
11.36 93.655 103.692 142.888 25.0 6.5
11.40 93.603 103.646 142.834 25.0 5.3
11.44 93.753 103.772 142.912 25.0 5.8
11.48 93.728 103.770 142.864 25.0 6.1
11.52 93.699 103.739 142.899 25.0 6.6
11.56 93.780 103.875 142.954 25.0 4.8
11.60 93.722 103.967 142.962 25.0 7.2
11.64 93.705 103.883 142.884 25.0 6.5
11.68 93.860 104.049 142.995 25.0 6.5
11.72 93.846 104.138 143.041 25.0 6.8
11.76 93.717 104.034 142.879 25.0 5.7
11.80 93.883 104.191 143.001 25.0 6.3
11.84 93.872 104.102 142.969 25.0 6.1
11.88 93.720 103.963 142.853 25.0 5.3
11.92 93.824 104.047 142.962 25.0 6.0
11.96 93.819 104.044 142.905 25.0 6.7
12.00 93.790 103.948 142.887 25.0 6.1
12.04 93.950 104.099 143.008 25.0 6.1
12.08 93.918 104.034 143.042 25.0 7.6
12.12 93.764 103.922 142.878 25.0 6.1
12.16 93.859 104.066 143.035 25.0 7.1
12.20 93.897 104.097 143.089 25.0 6.8
12.24 93.832 104.009 142.962 25.0 5.1
12.28 93.924 104.121 143.025 25.0 6.6
12.32 93.858 104.185 143.025 25.0 7.1
12.36 93.756 104.087 142.896 25.0 5.8
12.40 93.880 104.266 143.015 25.0 6.2
12.44 93.810 104.249 142.915 25.0 6.5
12.48 93.667 104.052 142.753 25.0 5.6
12.52 93.664 103.978 142.765 25.0 6.6
12.56 93.700 103.959 142.769 25.0 6.0
12.60 93.572 103.797 142.685 25.0 6.2
12.64 93.689 103.921 142.791 25.0 6.4
12.68 93.614 103.931 142.822 25.0 6.5
12.72 93.526 103.834 142.726 25.0 5.7
12.76 93.682 103.971 142.789 25.0 6.6
12.80 93.705 103.980 142.860 25.0 6.7
12.84 93.622 103.902 142.740 25.0 4.6
12.88 93.689 104.013 142.821 25.0 5.7
12.92 93.782 104.053 142.887 25.0 6.1
12.96 93.583 103.921 142.678 25.0 6.8
13.00 93.628 104.003 142.695 25.0 6.6
13.04 93.597 104.028 142.719 25.0 6.9
13.08 93.402 103.809 142.501 25.0 5.7
13.12 93.510 103.858 142.601 25.0 6.6
13.16 93.503 103.816 142.565 25.0 6.6
13.20 93.354 103.673 142.444 25.0 5.6
13.24 93.397 103.702 142.473 25.0 7.0
13.28 93.367 103.660 142.490 25.0 6.2
13.32 93.329 103.618 142.417 25.0 5.4
13.36 93.457 103.762 142.556 25.0 6.9
13.40 93.492 103.806 142.644 25.0 7.7
13.44 93.446 103.742 142.564 25.0 6.4
13.48 93.623 103.872 142.739 25.0 7.4
13.52 93.599 103.878 142.723 25.0 6.7
13.56 93.523 103.798 142.594 25.0 6.7
13.60 93.622 103.961 142.683 25.0 6.4
13.64 93.607 104.064 142.710 25.0 5.6
13.68 93.507 103.950 142.597 25.0 5.8
13.72 93.583 103.948 142.608 25.0 6.4
13.76 93.498 103.799 142.578 25.0 6.3
13.80 93.443 103.709 142.496 25.0 6.0
13.84 93.488 103.735 142.522 25.0 6.0
13.88 93.468 103.674 142.568 25.0 6.4
13.92 93.437 103.621 142.546 25.0 5.4
13.96 93.479 103.687 142.597 25.0 6.6
14.00 93.493 103.681 142.546 25.0 6.5
14.04 93.341 103.515 142.422 25.0 4.5
14.08 93.509 103.662 142.557 25.0 5.9
14.12 93.474 103.734 142.573 25.0 6.5
14.16 93.418 103.692 142.499 25.0 5.2
14.20 93.593 103.843 142.645 25.0 4.4
14.24 93.580 103.920 142.690 25.0 6.9
14.28 93.523 103.840 142.631 25.0 6.5
14.32 93.498 103.849 142.539 25.0 6.0
14.36 93.243 103.548 142.305 25.0 5.5
14.40 93.204 103.461 142.271 25.0 5.4
14.44 93.252 103.455 142.409 25.0 5.9
14.48 93.286 103.414 142.437 25.0 7.2
14.52 93.112 103.259 142.233 25.0 5.8
14.56 93.302 103.434 142.400 25.0 5.9
14.60 93.255 103.434 142.360 25.0 6.4
14.64 93.099 103.299 142.179 25.0 6.2
14.68 93.164 103.370 142.250 25.0 5.9
14.72 93.249 103.442 142.333 25.0 7.0
14.76 93.222 103.403 142.220 25.0 5.5
14.80 93.278 103.482 142.292 25.0 4.9
14.84 93.277 103.600 142.351 25.0 5.9
14.88 93.231 103.533 142.229 25.0 6.6
14.92 93.347 103.662 142.343 25.0 6.3
14.96 93.249 103.553 142.204 25.0 6.4
15.00 93.005 103.291 141.999 25.0 5.7
15.04 93.136 103.332 142.105 25.0 6.0
15.08 93.060 103.228 142.126 25.0 6.0
15.12 92.959 103.101 141.997 25.0 5.9
15.16 93.108 103.184 142.159 25.0 5.9
15.20 93.109 103.173 142.171 25.0 6.2
15.24 93.073 103.129 142.152 25.0 5.6
15.28 93.158 103.245 142.218 25.0 6.4
15.32 93.232 103.288 142.280 25.0 6.6
15.36 93.161 103.249 142.244 25.0 6.4
15.40 93.270 103.462 142.431 25.0 4.8
15.44 93.336 103.532 142.436 25.0 7.2
15.48 93.209 103.473 142.334 25.0 5.5
15.52 93.391 103.639 142.493 25.0 6.1
15.56 93.354 103.663 142.444 25.0 6.2
15.60 93.200 103.427 142.298 25.0 6.0
15.64 93.282 103.454 142.381 25.0 6.2
15.68 93.168 103.299 142.350 25.0 6.2
15.72 93.151 103.204 142.291 25.0 6.0
15.76 93.294 103.300 142.388 25.0 6.1
15.80 93.232 103.315 142.445 25.0 6.0
15.84 93.191 103.265 142.370 25.0 5.0
15.88 93.287 103.377 142.449 25.0 5.5
15.92 93.253 103.408 142.557 25.0 6.6
15.96 93.142 103.299 142.355 25.0 5.6
16.00 93.269 103.416 142.479 25.0 4.5
16.04 93.346 103.497 142.481 25.0 6.2
16.08 93.266 103.406 142.419 25.0 5.4
16.12 93.410 103.544 142.501 25.0 6.2
16.16 93.438 103.560 142.502 25.0 7.0
16.20 93.270 103.423 142.278 25.0 5.3
16.24 93.250 103.440 142.307 25.0 5.5
16.28 93.165 103.287 142.268 25.0 6.0
16.32 93.087 103.181 142.167 25.0 5.4
16.36 93.220 103.234 142.341 25.0 5.4
16.40 93.326 103.285 142.429 25.0 6.4
16.44 93.197 103.181 142.276 25.0 4.9
16.48 93.260 103.304 142.369 25.0 5.6
16.52 93.362 103.294 142.448 25.0 6.8
16.56 93.215 103.208 142.318 25.0 4.2
16.60 93.288 103.406 142.419 25.0 6.0
16.64 93.293 103.457 142.489 25.0 6.5
16.68 93.227 103.330 142.389 25.0 5.0
16.72 93.368 103.496 142.559 25.0 6.9
16.76 93.289 103.552 142.565 25.0 5.6
16.80 93.196 103.397 142.391 25.0 5.1
16.84 93.252 103.418 142.411 25.0 6.1
16.88 93.065 103.238 142.323 25.0 5.8
16.92 93.029 103.068 142.290 25.0 5.4
16.96 93.155 103.154 142.391 25.0 6.8
17.00 93.272 103.269 142.506 25.0 5.5
17.04 93.173 103.208 142.470 25.0 5.8
17.08 93.246 103.321 142.583 25.0 5.8
17.12 93.188 103.333 142.520 25.0 7.0
17.16 93.174 103.232 142.473 25.0 7.3
17.20 93.229 103.260 142.472 25.0 7.0
17.24 93.238 103.365 142.454 25.0 5.3
17.28 93.105 103.278 142.374 25.0 6.4
17.32 93.115 103.324 142.347 25.0 6.5
17.36 93.140 103.332 142.428 25.0 6.2
17.40 92.980 103.161 142.218 25.0 5.7
17.44 93.005 103.162 142.275 25.0 6.2
17.48 92.967 103.015 142.235 25.0 5.9
17.52 92.865 102.914 142.119 25.0 6.4
17.56 92.973 102.998 142.251 25.0 6.4
17.60 93.014 102.968 142.342 25.0 6.1
17.64 92.973 102.924 142.293 25.0 6.1
17.68 93.098 103.020 142.393 25.0 6.3
17.72 93.056 103.023 142.283 25.0 6.2
17.76 92.959 102.899 142.249 25.0 5.8
17.80 93.029 102.965 142.333 25.0 5.9
17.84 93.012 103.042 142.341 25.0 5.1
17.88 92.944 102.985 142.308 25.0 6.0
17.92 93.006 103.102 142.335 25.0 6.6
17.96 93.052 103.101 142.380 25.0 6.9
18.00 92.904 102.953 142.216 25.0 5.8
18.04 92.981 102.933 142.311 25.0 5.8
18.08 92.857 102.788 142.210 25.0 6.4
18.12 92.784 102.667 142.126 25.0 6.6
18.16 92.860 102.680 142.199 25.0 5.8
18.20 92.874 102.688 142.245 25.0 6.5
18.24 92.838 102.670 142.171 25.0 5.0
18.28 92.829 102.711 142.258 25.0 6.4
18.32 92.879 102.712 142.232 25.0 6.1
18.36 92.653 102.543 142.076 25.0 5.4
18.40 92.810 102.639 142.206 25.0 6.4
18.44 92.789 102.643 142.162 25.0 5.5
18.48 92.722 102.591 142.059 25.0 6.0
18.52 92.743 102.664 142.083 25.0 5.8
18.56 92.752 102.742 142.077 25.0 6.6
18.60 92.604 102.574 141.877 25.0 6.2
18.64 92.717 102.536 141.936 25.0 5.8
18.68 92.658 102.387 141.881 25.0 6.6
18.72 92.481 102.277 141.781 25.0 5.6
18.76 92.659 102.344 141.931 25.0 6.3
18.80 92.675 102.378 142.049 25.0 5.9
18.84 92.536 102.319 141.933 25.0 6.1
18.88 92.644 102.359 141.988 25.0 6.2
18.92 92.551 102.329 141.979 25.0 6.3
18.96 92.615 102.410 142.047 25.0 5.2
19.00 92.792 102.585 142.193 25.0 4.9
19.04 92.835 102.718 142.323 25.0 6.3
19.08 92.761 102.636 142.239 25.0 5.9
19.12 92.824 102.734 142.260 25.0 7.0
19.16 92.780 102.805 142.230 25.0 6.5
19.20 92.672 102.689 142.097 25.0 5.9
19.24 92.604 102.529 142.057 25.0 5.5
19.28 92.579 102.422 141.980 25.0 6.1
19.32 92.413 102.211 141.871 25.0 5.3
19.36 92.522 102.320 141.937 25.0 5.9
19.40 92.547 102.339 142.044 25.0 6.5
19.44 92.569 102.290 142.044 25.0 5.8
19.48 92.672 102.419 142.080 25.0 6.0
19.52 92.610 102.443 142.048 25.0 6.5
19.56 92.520 102.370 142.003 25.0 4.4
19.60 92.618 102.457 142.043 25.0 6.5
19.64 92.616 102.510 142.115 25.0 6.1
19.68 92.536 102.462 142.025 25.0 5.7
19.72 92.627 102.589 142.106 25.0 5.9
19.76 92.588 102.690 142.112 25.0 6.3
19.80 92.445 102.570 141.939 25.0 5.7
19.84 92.513 102.599 141.995 25.0 6.2
19.88 92.457 102.444 141.930 25.0 6.1
19.92 92.404 102.352 141.881 25.0 5.9
19.96 92.492 102.395 141.978 25.0 6.0
20.00 92.513 102.415 142.002 25.0 6.3
20.04 92.413 102.343 141.913 25.0 6.1
20.08 92.541 102.516 142.070 25.0 7.0
20.12 92.574 102.561 142.117 25.0 6.5
20.16 92.518 102.439 141.974 25.0 5.1
20.20 92.488 102.472 141.925 25.0 6.5
20.24 92.452 102.482 141.883 25.0 6.1
20.28 92.322 102.365 141.672 25.0 6.4
20.32 92.429 102.517 141.748 25.0 5.8
20.36 92.448 102.599 141.901 25.0 6.4
20.40 92.404 102.562 141.789 25.0 6.9
20.44 92.487 102.592 141.845 25.0 6.1
20.48 92.433 102.395 141.852 25.0 6.1
20.52 92.293 102.275 141.747 25.0 6.3
20.56 92.360 102.354 141.781 25.0 7.5
20.60 92.374 102.313 141.811 25.0 7.2
20.64 92.348 102.279 141.813 25.0 6.1
20.68 92.506 102.369 141.927 25.0 5.8
20.72 92.451 102.362 141.902 25.0 6.4
20.76 92.330 102.245 141.751 25.0 5.8
20.80 92.488 102.382 141.818 25.0 6.2
20.84 92.490 102.459 141.895 25.0 4.8
20.88 92.427 102.387 141.809 25.0 5.4
20.92 92.526 102.552 141.878 25.0 6.6
20.96 92.640 102.694 141.967 25.0 5.9
21.00 92.525 102.596 141.842 25.0 5.5
21.04 92.558 102.669 141.915 25.0 6.4
21.08 92.454 102.504 141.807 25.0 6.0
21.12 92.390 102.385 141.738 25.0 6.3
21.16 92.416 102.361 141.890 25.0 6.1
21.20 92.480 102.434 141.899 25.0 6.0
21.24 92.362 102.310 141.829 25.0 6.9
21.28 92.522 102.501 141.985 25.0 5.6
21.32 92.567 102.544 142.040 25.0 6.4
21.36 92.476 102.471 141.884 25.0 4.5
21.40 92.576 102.537 141.947 25.0 6.1
21.44 92.632 102.579 142.027 25.0 5.9
21.48 92.578 102.584 142.000 25.0 5.6
21.52 92.670 102.742 142.102 25.0 6.1
21.56 92.734 102.811 142.072 25.0 6.4
21.60 92.646 102.743 141.983 25.0 5.6
21.64 92.716 102.862 142.039 25.0 7.1
21.68 92.574 102.610 141.924 25.0 5.7
21.72 92.404 102.405 141.654 25.0 5.5
21.76 92.482 102.507 141.771 25.0 6.1
21.80 92.442 102.518 141.762 25.0 6.0
21.84 92.403 102.416 141.706 25.0 6.9
21.88 92.506 102.583 141.847 25.0 5.8
21.92 92.581 102.537 141.839 25.0 5.2
21.96 92.433 102.446 141.713 25.0 6.5
22.00 92.515 102.551 141.778 25.0 6.2
22.04 92.517 102.592 141.793 25.0 6.0
22.08 92.427 102.511 141.678 25.0 5.6
22.12 92.490 102.693 141.863 25.0 5.6
22.16 92.535 102.751 141.887 25.0 6.6
22.20 92.477 102.721 141.792 25.0 5.7
22.24 92.648 102.880 141.897 25.0 6.4
22.28 92.604 102.870 141.864 25.0 7.2
22.32 92.515 102.735 141.737 25.0 5.4
22.36 92.580 102.731 141.806 25.0 5.6
22.40 92.529 102.607 141.820 25.0 6.1
22.44 92.493 102.570 141.772 25.0 5.3
22.48 92.652 102.632 141.907 25.0 6.6
22.52 92.633 102.701 141.926 25.0 7.3
22.56 92.514 102.659 141.832 25.0 5.8
22.60 92.673 102.739 141.970 25.0 4.8
22.64 92.668 102.738 141.934 25.0 6.0
22.68 92.574 102.657 141.796 25.0 5.8
22.72 92.751 102.779 142.003 25.0 7.0
22.76 92.764 102.899 141.974 25.0 5.4
22.80 92.655 102.831 141.879 25.0 6.5
22.84 92.789 102.993 141.981 25.0 5.6
22.88 92.817 103.032 141.961 25.0 6.7
22.92 92.690 102.881 141.805 25.0 5.1
22.96 92.773 102.934 141.922 25.0 5.7
23.00 92.694 102.879 141.891 25.0 6.8
23.04 92.671 102.840 141.852 25.0 5.4
23.08 92.692 102.911 141.990 25.0 6.8
23.12 92.792 102.990 142.050 25.0 6.3
23.16 92.660 102.858 141.928 25.0 5.3
23.20 92.777 102.998 142.074 25.0 6.4
23.24 92.836 103.055 142.119 25.0 5.5
23.28 92.787 103.008 142.029 25.0 5.9
23.32 92.919 103.187 142.119 25.0 6.2
23.36 92.924 103.248 142.202 25.0 5.9
23.40 92.949 103.242 142.185 25.0 6.5
23.44 93.130 103.453 142.341 25.0 6.3
23.48 93.082 103.460 142.363 25.0 6.1
23.52 92.958 103.343 142.196 25.0 5.6
23.56 92.989 103.340 142.157 25.0 3.8
23.60 92.884 103.216 142.111 25.0 5.5
23.64 92.731 103.038 141.947 25.0 3.4
23.68 92.845 103.153 142.035 25.0 5.3
23.72 92.867 103.135 142.041 25.0 3.7
23.76 92.749 103.064 141.942 25.0 5.8
23.80 92.774 103.072 141.873 25.0 5.3
23.84 92.722 103.095 141.907 25.0 5.7
23.88 92.712 103.093 141.827 25.0 5.1
23.92 92.852 103.228 141.986 25.0 4.9
23.96 92.807 103.285 141.981 25.0 5.2
24.00 92.769 103.225 141.893 25.0 6.2
24.04 92.803 103.338 141.942 25.0 5.9
24.08 92.784 103.376 141.965 25.0 6.6
24.12 92.630 103.234 141.750 25.0 6.4
24.16 92.710 103.286 141.861 25.0 5.3
24.20 92.686 103.227 141.864 25.0 5.3
24.24 92.609 103.089 141.781 25.0 5.7
24.28 92.695 103.155 141.891 25.0 5.8
24.32 92.737 103.154 141.963 25.0 5.3
24.36 92.709 103.118 141.879 25.0 5.0
24.40 92.818 103.217 141.963 25.0 6.7
24.44 92.756 103.178 141.972 25.0 5.4
24.48 92.708 103.129 141.888 25.0 5.0
24.52 92.815 103.277 141.980 25.0 6.3
24.56 92.802 103.355 141.912 25.0 5.2
24.60 92.712 103.224 141.773 25.0 5.6
24.64 92.853 103.389 141.935 25.0 5.9
24.68 92.876 103.416 141.992 25.0 5.9
24.72 92.747 103.333 141.784 25.0 5.4
24.76 92.771 103.319 141.809 25.0 5.2
24.80 92.672 103.167 141.672 25.0 6.0
24.84 92.589 103.035 141.585 25.0 4.9
24.88 92.727 103.064 141.704 25.0 4.8
24.92 92.708 103.077 141.778 25.0 4.1
24.96 92.666 103.034 141.696 25.0 4.7
25.00 92.773 103.090 141.768 25.0 5.8
25.04 92.753 103.097 141.801 25.0 5.2
25.08 92.624 102.978 141.623 25.0 4.8
25.12 92.760 103.157 141.771 25.0 6.3
25.16 92.827 103.216 141.823 25.0 5.1
25.20 92.704 103.129 141.726 25.0 4.8
25.24 92.847 103.282 141.811 25.0 5.2
25.28 92.796 103.353 141.723 25.0 5.2
25.32 92.662 103.258 141.598 25.0 5.7
25.36 92.682 103.270 141.587 25.0 6.5
25.40 92.660 103.196 141.559 25.0 4.8
25.44 92.566 103.067 141.436 25.0 4.8
25.48 92.649 103.074 141.566 25.0 5.8
25.52 92.551 102.948 141.503 25.0 4.8
25.56 92.431 102.832 141.379 25.0 6.5
25.60 92.524 102.915 141.523 25.0 4.3
25.64 92.495 102.913 141.467 25.0 4.8
25.68 92.432 102.799 141.425 25.0 4.4
25.72 92.536 102.902 141.436 25.0 5.6
25.76 92.564 102.919 141.516 25.0 7.1
25.80 92.499 102.879 141.437 25.0 5.2
25.84 92.614 103.022 141.557 25.0 6.5
25.88 92.664 103.090 141.543 25.0 5.0
25.92 92.579 102.999 141.474 25.0 5.7
25.96 92.570 103.050 141.428 25.0 5.2
26.00 92.565 102.942 141.427 25.0 6.3
26.04 92.434 102.792 141.270 25.0 5.9
26.08 92.566 102.877 141.397 25.0 5.4
26.12 92.572 102.823 141.461 25.0 5.9
26.16 92.498 102.752 141.371 25.0 5.6
26.20 92.626 102.811 141.505 25.0 6.3
26.24 92.634 102.828 141.517 25.0 7.0
26.28 92.533 102.746 141.419 25.0 4.5
26.32 92.631 102.816 141.507 25.0 6.3
26.36 92.585 102.852 141.528 25.0 5.3
26.40 92.511 102.738 141.401 25.0 4.8
26.44 92.562 102.826 141.458 25.0 6.3
26.48 92.572 102.911 141.521 25.0 5.9
26.52 92.487 102.818 141.364 25.0 4.8
26.56 92.657 102.987 141.495 25.0 5.4
26.60 92.646 102.946 141.459 25.0 5.0
26.64 92.470 102.795 141.295 25.0 4.9
26.68 92.553 102.797 141.360 25.0 5.7
26.72 92.467 102.659 141.308 25.0 5.2
26.76 92.438 102.603 141.317 25.0 4.1
26.80 92.580 102.722 141.404 25.0 5.1
26.84 92.606 102.743 141.426 25.0 5.7
